    -1
 -2485
  2998
 -1246
  -153
  4603
   555
   443
 -2772
 -2267
  3613
  3547
  3538
  -158
 -3043
  2322
  3919
 -3445
 -3705
  -352
 -5746
 -1397
   442
 -5186
  3195
  5246
  1800
   -70
 -2210
  4502
    69
 -6403
 -1449
  1014
  3232
   328
 -1720
   617
 -1109
 -1265
  -124
  1268
    75
  -654
  2429
  4371
  4380
 -1542
 -2472
   -70
 -2527
   898
  1824
  1600
   112
 -4770
  -299
 -1664
 -5489
   -57
  2034
  -158
 -1407
  2414
    -1
 -2485
  2998
 -1246
  -153
  4603
   555
   443
 -2772
 -2267
  3613
  3547
  3538
  -158
 -3043
  2322
   724
  4407
   554
 -2828
  -139
  1668
  2215
   121
  2984
  1932
 -4003
 -3637
  -882
  6339
  6106
 -1878
 -1874
   752
  1994
  -213
  -928
   557
   176
 -1313
 -5882
   491
  2825
 -6273
 -2298
 -4465
 -6233
   616
 -3620
  2833
  7295
   325
  4659
  1195
 -3877
  1515
 -1536
 -3763
   513
   590
   456
  -327
 -2093
  1535
  1872
 -1314
    43
  -494
  -697
  1042
  1486
  -692
 -4257
   451
  2360
 -1459
  -175
  -220
  2219
  2493
   724
  4407
   554
 -2828
  -139
  1668
  2215
   121
  2984
  1932
 -4003
 -3637
  -882
  6339
  6106
 -1878
  3620
 -2220
 -1267
   184
   881
  3368
 -3614
  -704
  6180
 -2377
 -2886
 -2215
 -3321
  1574
 -2287
 -2510
  1022
  1376
  4089
  1412
  -934
 -1350
 -2366
   961
  4132
  4423
  1449
 -1338
 -1196
   243
  -455
 -2337
   724
  1333
 -1384
 -2532
  -457
  4535
  -261
 -3461
  -388
 -2407
  2296
  3982
 -1200
  -862
 -1745
 -3990
 -5368
  -101
  3503
 -1022
  3405
  4849
  -401
   932
  1660
  1666
   -13
  -169
  2819
 -2472
 -6252
  1216
  3620
 -2220
 -1267
   184
   881
  3368
 -3614
  -704
  6180
 -2377
 -2886
 -2215
 -3321
  1574
 -2287
 -2510
     0
 -3279
 -4686
 -2336
  4035
  2366
 -3808
  1064
  1535
   822
  2208
  -637
  1411
   487
 -1784
  1196
   298
 -2401
  -963
   645
 -1636
 -3303
 -3828
 -1858
   512
 -1682
  -233
   329
 -1584
 -2460
 -3778
  1228
  1448
 -1396
  1273
  2535
  3805
   950
  2274
  1498
 -2984
  5648
  2091
 -2405
  3532
  -352
  1987
 -1352
 -4644
   613
 -4667
  1829
  5379
  -473
  4511
   403
 -1960
  1672
  -820
    35
  2431
  2781
 -1371
 -2183
     0
 -3279
 -4686
 -2336
  4035
  2366
 -3808
  1064
  1535
   822
  2208
  -637
  1411
   487
 -1784
  1196
 -2896
  -958
   711
 -4610
 -3017
  2335
  2775
   956
 -3072
 -3948
  -724
   834
   978
  -409
 -1326
  1088
  3918
  2876
  -483
 -3206
 -5224
 -2766
 -1210
 -2467
  1872
   717
 -2326
  3961
  4143
  2055
  1533
  -904
  5792
  8143
  1754
 -1873
 -3800
  1633
  1543
 -4000
  1624
  2099
  -291
  -560
 -4049
  2647
  3124
 -3381
  1872
  -707
 -5730
 -1238
   454
  2151
   634
  -711
  2472
 -2433
 -4500
   895
 -1073
 -1858
  4508
  3624
 -2896
  -958
   711
 -4610
 -3017
  2335
  2775
   956
 -3072
 -3948
  -724
   834
   978
  -409
 -1326
  1088
 -2173
  -893
   320
  -372
 -1500
  -642
   665
   498
  1748
  -132
  1211
   412
 -3936
  1967
   -21
 -1220
  4642
 -1567
  -333
  1643
 -3623
 -1421
 -1859
 -2199
  -725
  1355
  2195
 -2792
 -3079
 -4150
 -2488
  2367
  -725
   708
   104
 -2033
  1501
 -1332
  1586
  5242
 -1748
 -1660
  1261
  1294
  5983
  4722
 -1342
   862
  1148
 -1407
   756
  1386
  3622
  2766
 -1242
  -386
 -2172
  -505
   277
 -3638
  1031
  2182
 -1094
 -1070
 -2173
  -893
   320
  -372
 -1500
  -642
   665
   498
  1748
  -132
  1211
   412
 -3936
  1967
   -21
 -1220
     0
 -2813
  -324
   148
  2062
  4346
  -786
  -474
  1024
   154
  -421
 -2204
  -724
   799
  -610
 -3227
  1022
  4057
  -121
  2316
 -1724
 -4914
  -603
 -6206
 -2048
  3526
   665
  1918
 -1509
  1853
  1758
 -3805
  4344
  4620
  2555
  4500
  -614
 -1730
  -819
   158
 -2472
 -4393
   -22
 -2777
  -725
  5109
   427
 -2219
 -2472
 -1883
   784
  1633
  3170
  -327
 -4785
  -303
   600
 -1576
  2674
   955
    59
  4750
  -376
 -2008
     0
 -2813
  -324
   148
  2062
  4346
  -786
  -474
  1024
   154
  -421
 -2204
  -724
   799
  -610
 -3227
  1448
 -4534
 -5949
 -2373
  1670
   288
 -2116
 -2231
     0
  3561
   -65
  -413
  2694
  1173
   329
 -2439
  1022
  3506
   914
  3155
  -778
  -260
  1676
 -2631
  -426
    -1
  4103
  3760
 -1476
  3980
   551
 -2447
    -1
  1194
  6374
  1389
  -222
  -127
 -5079
 -1001
 -1449
   328
  2537
 -1549
   802
  -307
   185
   348
 -2472
  1619
  -491
 -1434
  2224
   319
 -3521
 -7591
 -3921
   116
 -1633
  -142
   876
   724
  2179
  4005
  1448
 -4534
 -5949
 -2373
  1670
   288
 -2116
 -2231
     0
  3561
   -65
  -413
  2694
  1173
   329
 -2439
