 -1873
  1962
  2683
  2535
 -2293
 -2528
  2870
 -3345
 -1024
  7259
   -35
 -1288
  3630
  2091
  1792
   950
    -2
   662
  -189
 -3269
 -4499
  -900
   342
  1749
  4519
  1752
   893
  2761
  2051
   220
  -373
  1125
 -1024
   -31
  4487
  -285
 -3077
  -847
  -748
  1419
  2472
  2477
 -1000
 -3585
  1738
  1661
   654
  1847
     0
  2179
 -2887
 -5977
  1178
 -2278
 -2464
  1375
 -3071
 -2281
 -3955
 -4880
  1268
   179
 -2074
 -2725
 -1873
  1962
  2683
  2535
 -2293
 -2528
  2870
 -3345
 -1024
  7259
   -35
 -1288
  3630
  2091
  1792
   950
  1748
   191
   752
  3694
  4005
   951
  2905
  1526
   -87
  2712
  -481
 -2046
   926
   730
   483
  2577
  1446
 -1333
 -1417
 -3937
 -3724
   919
   229
 -2471
  -513
  2078
 -1352
 -1888
   138
 -2739
   917
  2606
 -1748
 -1685
 -1971
   -17
  -334
 -2452
 -2011
 -1635
  4432
  2092
 -4198
  -880
   697
  3345
  2303
   922
  1448
 -4745
  -262
  3728
 -2844
 -2554
  1773
  3539
  -937
   685
  3132
 -6851
 -4658
  1797
  -808
  1125
  1748
   191
   752
  3694
  4005
   951
  2905
  1526
   -87
  2712
  -481
 -2046
   926
   730
   483
  2577
  1748
 -2154
 -4804
  1034
  -612
 -2127
   645
   354
  1236
 -2362
  -490
  3032
 -1983
 -1895
 -1369
  -881
    -2
 -3524
  -299
  3124
  2451
  6402
  5350
  -538
  1834
  4228
   880
   581
   926
  1282
  2616
  1737
  -300
 -2165
   994
  1410
 -3059
 -2584
 -2342
   251
  1660
  -477
   620
 -3241
 -2536
  2626
  1394
     8
 -1448
   899
  -838
 -1160
  4115
 -3889
 -2805
  1519
 -4732
  1454
 -1860
 -8880
   697
  4276
  2302
  1641
  1748
 -2154
 -4804
  1034
  -612
 -2127
   645
   354
  1236
 -2362
  -490
  3032
 -1983
 -1895
 -1369
  -881
  3196
  1741
  1646
 -1015
 -7865
 -1662
  6335
  2549
  2260
  4529
  -107
 -2233
  1875
  2345
  -588
   -15
    -2
    41
  2393
   257
  1116
  5231
    32
 -2614
  -813
 -3641
   -40
   946
 -6952
 -2601
  6145
  3532
  -300
   483
  2718
  1657
 -1176
 -1144
 -2282
 -2068
   636
   237
  1314
  1159
 -3572
 -2248
  2757
  2506
     0
 -1158
 -1816
 -1360
  2130
   249
 -7334
 -4328
   812
 -2235
  -321
   586
 -2937
  -174
   726
   436
  3196
  1741
  1646
 -1015
 -7865
 -1662
  6335
  2549
  2260
  4529
  -107
 -2233
  1875
  2345
  -588
   -15
 -1148
 -1978
 -2090
   158
 -1850
 -2559
   272
  -315
 -1872
  3290
  1043
 -2772
  2404
  1820
   169
  1977
  2170
   366
 -1799
 -1726
  -827
  1785
   -55
   507
  3495
 -2354
   313
  2629
  -513
  1831
 -3179
 -2338
  1148
    59
  4297
  1012
   826
  3524
  -128
 -1139
 -2472
   316
   211
 -2100
 -1380
 -2159
  4712
  4083
   724
  3339
 -2456
   333
  1850
 -2531
  1955
  -843
 -2047
  2751
   480
 -3329
  -512
  4077
 -3751
 -7729
 -1148
 -1978
 -2090
   158
 -1850
 -2559
   272
  -315
 -1872
  3290
  1043
 -2772
  2404
  1820
   169
  1977
  3196
  -788
  1108
   348
  1662
  2168
 -4028
 -1804
 -1449
 -3226
 -2003
  1671
  5498
 -3532
  -197
  9972
   722
 -1160
  1808
  -115
  2121
  2792
  2511
  -195
 -2049
 -2650
 -2658
  1130
   293
   185
  1677
   539
  1148
   678
   359
 -2489
 -1663
  2615
 -3013
 -4123
     0
  -762
   315
  2011
  4390
  3910
  -553
 -2569
 -2172
 -1313
 -4126
 -4924
 -2122
 -3870
  -418
  7739
   599
 -8862
  -598
  4064
  1402
  2224
 -1778
   325
  3196
  -788
  1108
   348
  1662
  2168
 -4028
 -1804
 -1449
 -3226
 -2003
  1671
  5498
 -3532
  -197
  9972
  2472
  -318
 -6625
 -4377
  2454
  1057
 -2689
 -1859
 -2172
  3336
  5290
  1525
  4032
   257
   399
  4457
 -2898
 -2561
  3697
  1513
 -2670
  1019
  4641
 -1758
   723
  5761
   303
   -46
   645
   282
   227
 -3218
   424
  6238
   334
 -6158
 -1006
  1208
   951
  4584
  -724
 -1968
  1651
 -1676
  -536
   194
  -879
 -1808
 -2896
    14
 -1504
   291
  4116
  1347
  1190
  -250
  -723
  -620
 -3148
  -963
 -1246
 -3670
 -3844
 -1848
  2472
  -318
 -6625
 -4377
  2454
  1057
 -2689
 -1859
 -2172
  3336
  5290
  1525
  4032
   257
   399
  4457
  3920
  3522
 -3484
 -1590
 -2062
 -3608
    33
  1971
  2172
  1675
  -323
 -1180
  1094
  2457
  -889
 -1282
  1447
  2354
  3481
 -1160
 -2062
  7017
  2524
 -5135
  -125
  -795
 -1554
  -792
 -5219
  -847
  -493
 -5136
  1872
   231
 -4665
  1969
   614
 -1319
  3222
  3135
  3621
   746
 -2453
  1640
  1554
  1785
  3205
 -1854
 -1448
  1030
  -280
  2438
   614
 -4090
  -837
  -503
 -5668
 -2976
  3480
  1072
  -325
  4391
  -975
 -5181
  3920
  3522
 -3484
 -1590
 -2062
 -3608
    33
  1971
  2172
  1675
  -323
 -1180
  1094
  2457
  -889
 -1282
